P2
800 600
255
254 
240 
201 
146 
87 
37 
6 
1 
24 
69 
126 
184 
229 
252 
247 
216 
166 
107 
52 
13 
254 
240 
201 
146 
87 
37 
6 
1 
24 
69 
126 
184 
229 
252 
247 
216 
166 
107 
52 
13 
254 
240 
201 
146 
87 
37 
6 
1 
24 
69 
126 
184 
229 
252 
247 
216 
166 
107 
52 
13 
254 
240 
201 
146 
87 
37 
6 
1 
24 
69 
126 
184 
229 
252 
247 
216 
166 
107 
52 
13 
254 
240 
201 
146 
87 
37 
6 
1 
24 
69 
126 
184 
229 
252 
247 
216 
166 
107 
52 
13 
254 
240 
201 
146 
87 
37 
6 
1 
24 
69 
126 
184 
229 
252 
247 
216 
166 
107 
52 
13 
254 
240 
201 
146 
87 
37 
6 
1 
24 
69 
126 
184 
229 
252 
247 
216 
166 
107 
52 
13 
254 
240 
201 
146 
87 
37 
6 
1 
24 
69 
126 
184 
229 
252 
247 
216 
166 
107 
52 
13 
254 
240 
201 
146 
87 
37 
6 
1 
24 
69 
126 
184 
229 
252 
247 
216 
166 
107 
52 
13 
254 
240 
201 
146 
87 
37 
6 
1 
24 
69 
126 
184 
229 
252 
247 
216 
166 
107 
52 
13 
254 
240 
201 
146 
87 
37 
6 
1 
24 
69 
126 
184 
229 
252 
247 
216 
166 
107 
52 
13 
254 
240 
201 
146 
87 
37 
6 
1 
24 
69 
126 
184 
229 
252 
247 
216 
166 
107 
52 
13 
254 
240 
201 
146 
87 
37 
6 
1 
24 
69 
126 
184 
229 
252 
247 
216 
166 
107 
52 
13 
254 
240 
201 
146 
87 
37 
6 
1 
24 
69 
126 
184 
229 
252 
247 
216 
166 
107 
52 
13 
254 
240 
201 
146 
87 
37 
6 
1 
24 
69 
126 
184 
229 
252 
247 
216 
166 
107 
52 
13 
254 
240 
201 
146 
87 
37 
6 
1 
24 
69 
126 
184 
229 
252 
247 
216 
166 
107 
52 
13 
254 
240 
201 
146 
87 
37 
6 
1 
24 
69 
126 
184 
229 
252 
247 
216 
166 
107 
52 
13 
254 
240 
201 
146 
87 
37 
6 
1 
24 
69 
126 
184 
229 
252 
247 
216 
166 
107 
52 
13 
254 
240 
201 
146 
87 
37 
6 
1 
24 
69 
126 
184 
229 
252 
247 
216 
166 
107 
52 
13 
254 
240 
201 
146 
87 
37 
6 
1 
24 
69 
126 
184 
229 
252 
247 
216 
166 
107 
52 
13 
254 
240 
561 
0 
-72539004 
37 
0 
0 
0 
0 
0 
0 
0 
0 
0 
0 
0 
0 
0 
0 
-1 
-1 
201 
146 
34411520 
0 
0 
0 
24 
69 
126 
184 
0 
252 
247 
216 
166 
107 
238991072 
32741 
0 
0 
0 
0 
0 
0 
6 
1 
24 
69 
126 
184 
229 
252 
247 
216 
166 
107 
52 
13 
254 
240 
201 
146 
87 
37 
6 
1 
24 
69 
126 
184 
229 
252 
247 
216 
166 
107 
52 
13 
254 
240 
201 
146 
87 
37 
6 
1 
24 
69 
126 
184 
229 
252 
247 
216 
166 
107 
52 
13 
254 
240 
201 
146 
87 
37 
6 
1 
24 
69 
126 
184 
229 
252 
247 
216 
166 
107 
52 
13 
254 
240 
201 
146 
87 
37 
6 
1 
24 
69 
126 
184 
229 
252 
247 
216 
166 
107 
52 
13 
254 
240 
201 
146 
87 
37 
6 
1 
24 
69 
126 
184 
229 
252 
247 
216 
166 
107 
52 
13 
254 
240 
201 
146 
87 
37 
6 
1 
24 
69 
126 
184 
229 
252 
247 
216 
166 
107 
52 
13 
254 
240 
201 
146 
87 
37 
6 
1 
24 
69 
126 
184 
229 
252 
247 
216 
166 
107 
52 
13 
254 
240 
201 
146 
87 
37 
6 
1 
24 
69 
126 
184 
229 
252 
247 
216 
166 
107 
52 
13 
254 
240 
201 
146 
87 
37 
6 
1 
24 
69 
126 
184 
229 
252 
247 
216 
166 
107 
52 
13 
254 
240 
201 
146 
87 
37 
6 
1 
24 
69 
126 
184 
229 
252 
247 
216 
166 
107 
52 
13 
254 
240 
201 
146 
87 
37 
6 
1 
24 
69 
126 
184 
229 
252 
247 
216 
166 
107 
52 
13 
254 
240 
201 
146 
87 
37 
6 
1 
24 
69 
126 
184 
229 
252 
247 
216 
166 
107 
52 
13 
254 
240 
201 
146 
87 
37 
6 
1 
24 
69 
126 
184 
229 
252 
247 
216 
166 
107 
52 
13 
254 
240 
201 
146 
87 
37 
6 
1 
24 
69 
126 
184 
229 
252 
247 
216 
166 
107 
52 
13 
254 
240 
201 
146 
87 
37 
6 
1 
24 
69 
126 
184 
229 
252 
247 
216 
166 
107 
52 
13 
254 
240 
201 
146 
87 
37 
6 
1 
24 
69 
126 
184 
229 
252 
247 
216 
166 
107 
52 
13 
254 
240 
201 
146 
87 
37 
6 
1 
24 
69 
126 
184 
229 
252 
247 
216 
166 
107 
52 
13 
